CTUID,YEAR,DWELLING TYPE,BEDROOM TYPE,RENTAL UNIT AMOUNT,POPULATION AMOUNT,AVERAGE RENT
1.01,2018,1,0,15,25,705
1.01,2018,1,1,815,1089,777
1.01,2018,1,2,554,1286,1271
1.01,2018,1,3,10,56,1172
1.01,2018,2,1,35,167,832
1.01,2018,2,2,135,294,919
1.01,2018,2,3,635,2482,1231
1.01,2018,3,3,10,25,1417
1.01,2018,4,2,10,15,1196
1.01,2018,4,3,53,177,1436
1.04,2018,1,1,10,15,1085
1.04,2018,1,2,35,86,1216
1.04,2018,1,3,10,30,1048
1.04,2018,2,2,10,10,1282
1.04,2018,2,3,135,415,1449
1.04,2018,3,3,15,56,1078
1.04,2018,4,2,10,15,1008
1.04,2018,4,3,8,35,1387
1.05,2018,2,0,10,10,865
1.05,2018,2,1,10,35,982
1.05,2018,2,2,110,299,1120
1.05,2018,2,3,265,998,1563
1.05,2018,3,3,20,66,1163
1.05,2018,4,3,9,81,1667
1.06,2018,1,1,34,51,1055
1.06,2018,1,2,205,390,1260
1.06,2018,2,1,10,10,894
1.06,2018,2,2,195,486,1134
1.06,2018,2,3,245,861,1397
1.07,2018,1,0,10,11,920
1.07,2018,1,1,10,15,1131
1.07,2018,1,2,105,218,1306
1.07,2018,2,1,15,20,674
1.07,2018,2,2,150,339,680
1.07,2018,2,3,125,537,1180
1.07,2018,4,3,7,101,1670
1.08,2018,1,2,20,15,1189
1.08,2018,1,3,10,20,1439
1.08,2018,2,1,15,20,970
1.08,2018,2,2,60,142,996
1.08,2018,2,3,175,684,1533
1.08,2018,4,3,33,187,1596
2.01,2018,1,1,10,10,1048
2.01,2018,2,3,10,35,846
2.01,2018,4,3,50,132,1614
2.02,2018,1,1,10,10,1111
2.02,2018,1,2,10,15,1226
2.02,2018,2,3,220,699,1412
2.02,2018,4,2,10,10,1112
2.04,2018,1,2,25,30,2011
2.04,2018,2,3,20,86,1200
2.05,2018,1,1,325,436,893
2.05,2018,1,2,130,344,1097
2.05,2018,1,3,30,101,690
2.05,2018,2,1,25,111,615
2.05,2018,2,2,115,299,1081
2.05,2018,2,3,437,1707,1358
2.05,2018,3,3,10,30,1034
2.05,2018,4,3,10,56,1926
2.06,2018,2,1,10,17,991
2.06,2018,2,2,20,20,1111
2.06,2018,2,3,89,284,1529
2.06,2018,3,3,10,51,1133
2.06,2018,4,3,10,51,1773
3.0,2018,1,0,25,25,884
3.0,2018,1,1,360,461,1012
3.0,2018,1,2,300,714,1250
3.0,2018,1,3,85,284,1312
3.0,2018,2,2,10,20,1466
3.0,2018,2,3,20,61,1524
3.0,2018,3,3,45,127,1727
3.0,2018,4,3,53,187,1499
4.0,2018,1,0,0,0,684
4.0,2018,1,1,405,476,690
4.0,2018,1,2,341,709,1156
4.0,2018,1,3,80,198,1210
4.0,2018,2,2,10,10,1397
4.0,2018,2,3,15,61,1295
4.0,2018,3,3,90,304,1442
4.0,2018,4,2,10,30,1056
4.0,2018,4,3,30,71,1456
5.0,2018,1,0,10,10,769
5.0,2018,1,1,510,684,1007
5.0,2018,1,2,420,957,1127
5.0,2018,1,3,20,46,1047
5.0,2018,2,3,40,198,1774
5.0,2018,3,3,70,198,1224
5.0,2018,4,1,9,20,902
5.0,2018,4,2,15,25,1432
5.0,2018,4,3,93,233,1682
6.0,2018,1,1,25,25,1287
6.0,2018,1,2,10,10,1601
6.0,2018,1,3,15,46,1786
6.0,2018,4,2,20,46,1311
6.0,2018,4,3,75,198,2026
7.01,2018,1,1,290,380,1075
7.01,2018,1,2,165,324,1223
7.01,2018,1,3,30,46,1610
7.01,2018,3,3,10,20,1437
7.01,2018,4,3,19,81,1839
7.02,2018,1,0,10,30,768
7.02,2018,1,1,345,547,996
7.02,2018,1,2,655,1804,1121
7.02,2018,1,3,45,228,981
7.02,2018,2,2,120,355,1204
7.02,2018,2,3,280,1287,1453
7.03,2018,1,1,40,56,1005
7.03,2018,1,2,65,111,1198
7.03,2018,2,1,10,41,966
7.03,2018,2,3,50,213,1565
7.03,2018,3,3,15,46,1153
7.03,2018,4,3,69,198,1631
8.0,2018,1,1,300,380,1086
8.0,2018,1,2,350,679,1285
8.0,2018,1,3,135,324,1489
8.0,2018,2,2,10,30,1228
8.0,2018,2,3,60,233,1273
8.0,2018,3,3,20,46,852
8.0,2018,4,1,10,15,780
8.0,2018,4,2,25,56,1261
8.0,2018,4,3,84,253,1449
9.0,2018,1,0,10,10,775
9.0,2018,1,1,135,172,1048
9.0,2018,1,2,199,385,1106
9.0,2018,3,3,10,30,1370
9.0,2018,4,2,10,25,1262
9.0,2018,4,3,44,167,1471
10.0,2018,1,0,20,20,600
10.0,2018,1,1,635,841,720
10.0,2018,1,2,235,532,1080
10.0,2018,1,3,10,61,1419
10.0,2018,2,2,25,56,685
10.0,2018,2,3,175,831,827
10.0,2018,3,1,10,10,823
10.0,2018,3,3,25,81,1320
10.0,2018,4,1,10,10,708
10.0,2018,4,3,24,81,1332
11.01,2018,1,0,10,10,834
11.01,2018,1,1,649,811,973
11.01,2018,1,2,423,836,1382
11.01,2018,1,3,70,162,1137
11.01,2018,2,2,25,46,1698
11.01,2018,2,3,260,1059,1253
11.01,2018,3,3,20,71,1067
11.01,2018,4,2,30,66,1145
11.01,2018,4,3,45,117,1375
11.03,2018,1,0,10,10,984
11.03,2018,1,1,744,1049,1150
11.03,2018,1,2,714,1540,1488
11.03,2018,1,3,90,274,1703
11.03,2018,2,3,9,35,1204
11.04,2018,1,1,460,669,900
11.04,2018,1,2,284,628,1070
11.04,2018,2,2,25,76,1086
11.04,2018,2,3,140,426,1490
11.04,2018,4,3,50,127,1875
12.0,2018,1,0,70,77,241
12.0,2018,1,1,262,312,550
12.0,2018,1,2,53,92,1298
12.0,2018,1,3,59,184,969
12.0,2018,2,3,289,1108,1107
12.0,2018,3,1,10,10,847
12.0,2018,3,3,220,935,1175
12.0,2018,4,1,9,10,782
12.0,2018,4,2,15,36,1467
12.0,2018,4,3,138,531,1252
13.0,2018,1,0,90,61,290
13.0,2018,1,1,693,649,705
13.0,2018,1,2,431,618,1265
13.0,2018,1,3,122,286,1421
13.0,2018,2,2,74,174,1329
13.0,2018,2,3,131,495,1206
13.0,2018,3,1,10,15,825
13.0,2018,3,2,10,36,1927
13.0,2018,3,3,75,317,980
13.0,2018,4,1,10,10,1211
13.0,2018,4,2,25,51,1455
13.0,2018,4,3,54,117,1562
14.0,2018,1,0,7,11,465
14.0,2018,1,1,239,286,525
14.0,2018,1,2,274,669,683
14.0,2018,1,3,130,506,840
14.0,2018,2,2,25,46,898
14.0,2018,2,3,59,276,730
15.0,2018,1,0,1,10,940
15.0,2018,1,1,815,1170,1149
15.0,2018,1,2,641,1339,1394
15.0,2018,1,3,97,261,1493
15.0,2018,2,1,10,10,1230
15.0,2018,2,2,26,46,1746
15.0,2018,2,3,29,87,1835
15.0,2018,3,2,10,15,1248
15.0,2018,3,3,25,72,1911
15.0,2018,4,2,9,10,1441
15.0,2018,4,3,40,97,2000
16.0,2018,1,1,89,118,663
16.0,2018,1,2,135,256,1322
16.0,2018,1,3,20,51,2013
16.0,2018,2,3,25,72,1787
16.0,2018,3,2,10,10,1505
16.0,2018,3,3,10,15,1517
16.0,2018,4,2,10,15,1549
16.0,2018,4,3,47,138,1802
17.0,2018,1,0,17,15,1117
17.0,2018,1,1,96,123,1215
17.0,2018,1,2,78,138,1440
17.0,2018,1,3,41,92,2288
17.0,2018,2,2,14,41,1798
17.0,2018,2,3,18,31,1781
17.0,2018,3,2,10,20,1830
17.0,2018,3,3,45,133,1968
17.0,2018,4,3,74,261,2031
18.0,2018,1,0,33,36,1298
18.0,2018,1,1,447,598,1339
18.0,2018,1,2,369,634,1663
18.0,2018,1,3,69,184,2320
18.0,2018,2,2,14,15,1810
18.0,2018,3,3,10,41,2407
18.0,2018,4,1,10,10,1299
18.0,2018,4,3,22,92,2208
18.0,2018,5,2,10,10,1049
19.0,2018,1,0,25,26,588
19.0,2018,1,1,220,276,1010
19.0,2018,1,2,180,383,1586
19.0,2018,1,3,66,148,1885
19.0,2018,2,2,15,20,1114
19.0,2018,3,1,10,10,1079
19.0,2018,3,3,45,123,1619
19.0,2018,4,2,20,51,1766
19.0,2018,4,3,3,20,2020
20.01,2018,1,0,40,46,1152
20.01,2018,1,1,590,820,1087
20.01,2018,1,2,330,653,1301
20.01,2018,1,3,98,197,1068
20.01,2018,2,2,20,35,264
20.01,2018,2,3,245,881,1193
20.01,2018,3,3,40,127,1291
20.01,2018,4,3,30,137,1619
20.02,2018,1,2,10,10,1565
20.02,2018,1,3,10,10,1650
20.02,2018,2,3,35,116,1136
20.02,2018,3,3,10,41,839
20.02,2018,4,2,38,46,1128
20.02,2018,4,3,83,243,2021
21.0,2018,1,0,20,20,790
21.0,2018,1,1,740,992,1025
21.0,2018,1,2,344,709,1145
21.0,2018,1,3,85,233,1131
21.0,2018,2,1,10,30,727
21.0,2018,2,2,25,56,1357
21.0,2018,2,3,179,663,1021
21.0,2018,3,2,10,10,1788
21.0,2018,3,3,95,359,1159
21.0,2018,4,1,10,10,1027
21.0,2018,4,2,35,76,1493
21.0,2018,4,3,46,111,1475
22.0,2018,1,0,40,46,754
22.0,2018,1,1,913,1124,688
22.0,2018,1,2,674,1509,979
22.0,2018,1,3,38,132,895
22.0,2018,2,1,10,25,614
22.0,2018,2,2,10,20,818
22.0,2018,2,3,175,800,916
22.0,2018,3,2,25,56,1090
22.0,2018,3,3,45,192,1467
22.0,2018,4,2,10,20,1474
22.0,2018,4,3,42,127,1345
23.01,2018,1,0,10,11,903
23.01,2018,1,1,295,435,1051
23.01,2018,1,2,330,673,1286
23.01,2018,1,3,130,365,1231
23.01,2018,2,2,80,177,1389
23.01,2018,2,3,100,334,1618
23.01,2018,3,2,10,15,1141
23.01,2018,3,3,100,314,1354
23.01,2018,4,1,10,10,822
23.01,2018,4,2,20,30,1380
23.01,2018,4,3,18,106,1456
23.02,2018,1,0,10,10,1524
23.02,2018,1,1,205,284,1244
23.02,2018,1,2,84,147,1352
23.02,2018,2,2,64,157,1609
23.02,2018,2,3,49,142,1518
23.02,2018,4,2,10,19,1886
23.02,2018,4,3,9,51,1966
24.0,2018,1,0,20,20,824
24.0,2018,1,1,210,289,1064
24.0,2018,1,2,160,324,1251
24.0,2018,1,3,10,20,1283
24.0,2018,2,3,10,30,1404
24.0,2018,3,1,10,10,955
24.0,2018,4,3,54,162,1456
25.0,2018,1,0,10,15,859
25.0,2018,1,1,150,220,1078
25.0,2018,1,2,125,215,1250
25.0,2018,1,3,54,128,1289
25.0,2018,2,3,33,41,1371
25.0,2018,3,1,20,31,1084
25.0,2018,3,2,10,10,1384
25.0,2018,3,3,40,128,1680
25.0,2018,4,3,74,225,1743
26.0,2018,1,1,295,421,1105
26.0,2018,1,2,235,567,1186
26.0,2018,1,3,50,161,990
26.0,2018,2,1,10,17,584
26.0,2018,2,2,25,50,775
26.0,2018,2,3,120,527,873
26.0,2018,3,2,10,15,1922
26.0,2018,3,3,25,95,1229
26.0,2018,4,2,14,40,1380
26.0,2018,4,3,115,296,1368
27.0,2018,1,0,20,25,899
27.0,2018,1,1,400,532,1180
27.0,2018,1,2,280,577,1343
27.0,2018,1,3,29,85,1403
27.0,2018,2,1,10,20,869
27.0,2018,2,2,150,306,1079
27.0,2018,2,3,229,687,1367
27.0,2018,3,3,10,25,1296
28.0,2018,1,0,10,10,737
28.0,2018,1,1,139,225,1066
28.0,2018,1,2,289,670,860
28.0,2018,1,3,210,798,1159
28.0,2018,2,3,105,460,1271
28.0,2018,3,3,70,210,1433
28.0,2018,4,2,10,20,1266
28.0,2018,4,3,50,118,1455
28.0,2018,5,3,10,36,824
29.0,2018,1,0,55,82,803
29.0,2018,1,1,615,870,932
29.0,2018,1,2,494,941,1184
29.0,2018,1,3,105,235,1370
29.0,2018,2,1,10,36,651
29.0,2018,2,2,40,107,1245
29.0,2018,2,3,315,1330,924
29.0,2018,3,3,10,36,1323
29.0,2018,4,2,17,31,1348
29.0,2018,4,3,10,41,1500
30.0,2018,1,0,45,51,800
30.0,2018,1,1,1224,1540,949
30.0,2018,1,2,805,1571,1241
30.0,2018,1,3,183,522,1111
30.0,2018,2,2,40,72,1078
30.0,2018,2,3,85,292,833
30.0,2018,3,2,10,26,1587
30.0,2018,3,3,65,194,1490
30.0,2018,4,2,9,26,1452
30.0,2018,4,3,19,46,1581
31.0,2018,1,0,20,26,1117
31.0,2018,1,1,583,691,906
31.0,2018,1,2,699,1356,1262
31.0,2018,1,3,59,148,1313
31.0,2018,2,3,10,41,1626
31.0,2018,3,2,25,46,1302
31.0,2018,3,3,25,77,1773
31.0,2018,4,2,20,31,1268
31.0,2018,4,3,19,67,1599
32.01,2018,1,0,40,46,950
32.01,2018,1,1,639,793,1093
32.01,2018,1,2,530,1003,1342
32.01,2018,1,3,35,87,1052
32.01,2018,2,3,15,31,1429
32.01,2018,3,3,10,15,1085
32.01,2018,4,3,9,20,1841
32.02,2018,1,0,26,20,910
32.02,2018,1,1,540,686,927
32.02,2018,1,2,207,343,1431
32.02,2018,1,3,5,16,1524
32.02,2018,3,3,10,20,936
32.02,2018,4,3,18,67,1987
33.01,2018,1,0,10,10,1020
33.01,2018,1,1,215,271,1201
33.01,2018,1,2,378,645,1586
33.01,2018,1,3,70,189,1408
33.01,2018,2,3,38,133,1265
33.01,2018,3,1,10,10,1402
33.01,2018,3,3,65,210,2171
33.01,2018,4,1,9,10,1187
33.01,2018,4,2,13,31,2037
33.01,2018,4,3,41,164,2104
33.02,2018,1,0,10,10,865
33.02,2018,1,1,429,486,1005
33.02,2018,1,2,176,312,1655
33.02,2018,1,3,16,51,1473
33.02,2018,2,2,10,10,1091
33.02,2018,2,3,10,26,1527
33.02,2018,3,3,45,128,1654
33.02,2018,4,2,14,20,1514
33.02,2018,4,3,23,77,2131
34.0,2018,1,1,9,35,1516
34.0,2018,1,2,54,106,1593
34.0,2018,1,3,7,25,1914
34.0,2018,2,1,10,10,951
34.0,2018,3,3,75,213,2009
34.0,2018,4,2,10,15,1639
34.0,2018,4,3,19,66,2038
35.0,2018,1,0,34,36,944
35.0,2018,1,1,771,1012,1179
35.0,2018,1,2,479,874,1583
35.0,2018,1,3,45,143,1106
35.0,2018,2,1,15,20,1105
35.0,2018,2,2,21,77,1619
35.0,2018,2,3,32,107,1900
35.0,2018,3,1,10,20,1173
35.0,2018,3,2,25,61,1589
35.0,2018,3,3,25,51,1871
35.0,2018,4,1,10,10,827
35.0,2018,4,2,14,31,1363
35.0,2018,4,3,39,133,1482
36.0,2018,1,1,196,250,1274
36.0,2018,1,2,183,332,1730
36.0,2018,1,3,40,92,2519
36.0,2018,3,2,10,10,1585
36.0,2018,3,3,40,107,1725
36.0,2018,4,1,10,10,1376
37.0,2018,1,0,393,434,911
37.0,2018,1,1,3525,4385,1151
37.0,2018,1,2,980,1911,1607
37.0,2018,1,3,159,434,1494
37.0,2018,2,2,15,31,1441
37.0,2018,2,3,10,46,1682
37.0,2018,3,3,10,15,1265
37.0,2018,4,2,9,15,1642
38.0,2018,1,0,109,143,913
38.0,2018,1,1,2087,2530,1084
38.0,2018,1,2,636,1288,1693
38.0,2018,1,3,72,210,1601
38.0,2018,2,2,10,20,2390
38.0,2018,3,2,20,36,1271
38.0,2018,4,1,10,10,1094
38.0,2018,4,2,10,10,1422
38.0,2018,4,3,16,15,1911
39.0,2018,1,0,13,20,955
39.0,2018,1,1,406,547,1168
39.0,2018,1,2,309,562,1416
39.0,2018,1,3,104,317,1564
39.0,2018,2,1,10,10,1208
39.0,2018,2,2,19,36,1810
39.0,2018,2,3,25,92,1603
39.0,2018,3,1,10,10,1205
39.0,2018,3,2,15,31,1897
39.0,2018,3,3,60,164,1581
39.0,2018,4,1,10,10,1087
40.0,2018,1,0,58,61,793
40.0,2018,1,1,932,1257,1101
40.0,2018,1,2,444,905,1531
40.0,2018,1,3,111,291,1159
40.0,2018,2,1,10,15,1126
40.0,2018,2,2,50,82,1706
40.0,2018,2,3,49,133,1543
40.0,2018,3,2,10,15,2038
40.0,2018,3,3,10,26,1965
40.0,2018,4,1,14,20,1193
40.0,2018,4,3,17,20,2002
41.0,2018,1,0,45,46,739
41.0,2018,1,1,594,782,939
41.0,2018,1,2,342,669,1175
41.0,2018,1,3,79,220,1604
41.0,2018,2,1,25,36,1145
41.0,2018,2,2,75,128,1293
41.0,2018,2,3,114,312,1333
41.0,2018,3,1,10,20,1072
41.0,2018,3,2,35,72,1362
41.0,2018,4,3,10,72,1566
42.0,2018,1,0,56,56,876
42.0,2018,1,1,944,1216,898
42.0,2018,1,2,256,531,1205
42.0,2018,1,3,93,286,1313
42.0,2018,2,1,10,10,644
42.0,2018,2,2,21,61,1035
42.0,2018,2,3,105,393,854
42.0,2018,3,1,20,31,1245
42.0,2018,3,2,20,31,1347
42.0,2018,3,3,25,97,1444
42.0,2018,4,2,9,36,1395
42.0,2018,4,3,8,20,1753
43.0,2018,1,0,54,56,980
43.0,2018,1,1,677,834,1100
43.0,2018,1,2,448,865,1496
43.0,2018,1,3,32,82,1638
43.0,2018,2,1,11,10,843
43.0,2018,2,2,19,41,1612
43.0,2018,2,3,12,41,1098
43.0,2018,3,2,10,26,1493
43.0,2018,3,3,50,179,1900
43.0,2018,4,2,14,31,1576
43.0,2018,4,3,33,143,2006
44.0,2018,1,0,15,15,1145
44.0,2018,1,1,40,61,1107
44.0,2018,1,2,54,92,1667
44.0,2018,1,3,9,20,1162
44.0,2018,3,3,55,113,1895
44.0,2018,4,3,17,36,2284
45.0,2018,1,0,41,41,669
45.0,2018,1,1,921,1064,1241
45.0,2018,1,2,536,952,1749
45.0,2018,1,3,173,425,1942
45.0,2018,2,0,10,5,1008
45.0,2018,2,2,15,51,1290
45.0,2018,2,3,39,123,1794
45.0,2018,3,1,15,15,1552
45.0,2018,3,3,40,123,2341
45.0,2018,4,1,14,15,1147
45.0,2018,4,2,28,56,1528
45.0,2018,4,3,74,235,1849
46.0,2018,1,0,55,51,738
46.0,2018,1,1,1241,1520,976
46.0,2018,1,2,613,1274,1443
46.0,2018,1,3,85,333,1123
46.0,2018,2,3,7,26,1794
46.0,2018,3,1,25,31,1249
46.0,2018,3,3,35,77,1604
46.0,2018,4,1,8,10,963
46.0,2018,4,2,23,41,1556
46.0,2018,4,3,29,72,1368
47.0,2018,1,0,10,15,1218
47.0,2018,1,1,158,217,1483
47.0,2018,1,2,51,116,2184
48.0,2018,1,0,71,91,1135
48.0,2018,1,1,1121,1335,1405
48.0,2018,1,2,941,1613,1745
48.0,2018,1,3,36,61,1826
48.0,2018,2,3,10,15,1322
49.0,2018,1,0,77,102,989
49.0,2018,1,1,712,905,1200
49.0,2018,1,2,382,644,1675
49.0,2018,1,3,54,112,2053
49.0,2018,2,2,9,20,1846
49.0,2018,2,3,8,31,1372
49.0,2018,3,2,10,15,1321
49.0,2018,3,3,10,10,613
50.0,2018,1,1,143,189,1564
50.0,2018,1,2,128,210,1697
50.0,2018,1,3,44,66,1982
50.0,2018,2,3,10,10,1786
50.0,2018,4,2,9,10,1445
51.0,2018,1,0,114,97,863
51.0,2018,1,1,981,1165,997
51.0,2018,1,2,497,797,1306
51.0,2018,1,3,223,516,1769
51.0,2018,2,1,10,10,991
51.0,2018,2,2,26,46,1567
51.0,2018,2,3,48,128,1081
51.0,2018,3,3,50,143,1830
51.0,2018,4,1,9,10,1106
51.0,2018,4,3,45,118,2055
52.0,2018,1,0,43,41,901
52.0,2018,1,1,933,1088,1073
52.0,2018,1,2,672,1145,1481
52.0,2018,1,3,239,501,1908
52.0,2018,2,2,10,10,1720
52.0,2018,2,3,25,66,1814
52.0,2018,3,1,10,10,1248
52.0,2018,4,1,15,15,1037
52.0,2018,4,3,33,118,1919
53.0,2018,1,0,70,82,607
53.0,2018,1,1,1315,1686,1025
53.0,2018,1,2,405,807,1352
53.0,2018,1,3,51,158,1369
53.0,2018,2,2,10,20,2118
53.0,2018,2,3,94,312,1033
53.0,2018,3,2,15,36,1317
53.0,2018,4,3,20,46,532
54.0,2018,1,0,27,25,891
54.0,2018,1,1,677,819,1280
54.0,2018,1,2,303,607,1843
54.0,2018,1,3,30,66,2526
54.0,2018,2,1,10,10,1111
54.0,2018,3,1,10,10,1069
55.0,2018,1,0,24,31,931
55.0,2018,1,1,476,593,1224
55.0,2018,1,2,159,281,1433
55.0,2018,1,3,36,123,1638
55.0,2018,2,1,10,10,915
55.0,2018,2,2,29,61,1352
55.0,2018,2,3,24,102,1169
55.0,2018,3,1,10,15,1091
55.0,2018,3,2,15,20,1592
55.0,2018,3,3,15,31,1899
55.0,2018,4,3,3,20,2338
56.0,2018,1,0,21,36,470
56.0,2018,1,1,579,695,754
56.0,2018,1,2,261,567,1130
56.0,2018,1,3,109,337,1184
56.0,2018,2,1,29,41,874
56.0,2018,2,2,110,189,1605
56.0,2018,2,3,195,726,1330
56.0,2018,3,1,10,15,1017
56.0,2018,3,2,25,51,1576
56.0,2018,3,3,20,31,1339
56.0,2018,4,1,10,10,890
57.0,2018,1,1,57,97,1159
57.0,2018,1,2,180,266,1430
57.0,2018,1,3,29,56,1959
57.0,2018,2,2,10,36,1635
57.0,2018,2,3,28,66,1456
57.0,2018,3,1,10,10,1220
57.0,2018,3,3,10,51,1103
57.0,2018,4,2,8,19,1331
57.0,2018,4,3,23,61,1572
58.0,2018,1,0,25,26,1031
58.0,2018,1,1,380,465,1132
58.0,2018,1,2,265,444,1705
58.0,2018,1,3,35,92,1695
58.0,2018,2,1,10,10,1393
58.0,2018,2,2,10,15,1778
58.0,2018,2,3,10,15,1590
58.0,2018,3,1,10,10,1604
58.0,2018,3,2,15,31,2023
58.0,2018,3,3,40,112,2335
58.0,2018,4,3,25,72,2264
59.0,2018,1,0,10,10,1080
59.0,2018,1,1,20,36,1324
59.0,2018,1,2,30,51,1756
59.0,2018,2,1,50,87,906
59.0,2018,2,2,304,664,1197
59.0,2018,2,3,150,485,1167
59.0,2018,4,2,9,31,2116
59.0,2018,4,3,33,102,2033
60.0,2018,1,0,25,27,702
60.0,2018,1,1,736,853,721
60.0,2018,1,2,597,1062,1175
60.0,2018,1,3,94,220,1225
60.0,2018,2,2,145,337,1183
60.0,2018,2,3,40,143,1284
61.0,2018,1,0,10,10,759
61.0,2018,1,1,509,649,989
61.0,2018,1,2,340,669,1156
61.0,2018,1,3,90,184,1399
61.0,2018,2,2,35,82,1094
61.0,2018,2,3,210,679,1306
61.0,2018,3,1,10,10,924
61.0,2018,3,2,15,36,1388
61.0,2018,3,3,140,424,1274
61.0,2018,4,1,9,10,1067
61.0,2018,4,2,13,36,1126
61.0,2018,4,3,25,51,1412
62.01,2018,1,0,10,11,883
62.01,2018,1,1,355,450,991
62.01,2018,1,2,423,788,1356
62.01,2018,1,3,138,322,1569
62.01,2018,2,1,15,10,929
62.01,2018,2,2,60,143,1011
62.01,2018,2,3,270,921,1329
62.01,2018,3,3,10,31,587
62.01,2018,4,2,10,15,1325
62.01,2018,4,3,20,61,1359
62.02,2018,1,0,10,10,673
62.02,2018,1,1,210,251,957
62.02,2018,1,2,145,292,1063
62.02,2018,1,3,34,118,732
62.02,2018,2,1,10,17,888
62.02,2018,2,2,65,118,1111
62.02,2018,2,3,75,343,1083
62.02,2018,3,3,10,36,1635
62.02,2018,4,0,10,10,1374
100.0,2018,1,1,664,863,871
100.0,2018,1,2,625,1440,1038
100.0,2018,1,3,64,184,788
100.0,2018,4,2,10,10,1395
100.0,2018,4,3,16,72,1141
101.0,2018,1,0,36,41,702
101.0,2018,1,1,461,572,973
101.0,2018,1,2,395,705,1047
101.0,2018,1,3,28,66,1427
101.0,2018,2,1,9,10,986
101.0,2018,2,2,14,31,1591
101.0,2018,2,3,30,87,1113
101.0,2018,3,1,10,15,577
101.0,2018,3,3,10,26,1165
101.0,2018,4,1,9,10,792
101.0,2018,4,2,9,20,1511
101.0,2018,4,3,7,41,1321
102.0,2018,1,1,756,909,846
102.0,2018,1,2,409,725,1176
102.0,2018,1,3,95,312,1536
102.0,2018,2,3,33,87,1370
102.0,2018,3,1,15,15,792
102.0,2018,3,2,10,15,1032
102.0,2018,3,3,35,92,1477
102.0,2018,4,1,10,10,815
102.0,2018,4,2,15,36,1138
103.0,2018,1,0,19,15,819
103.0,2018,1,1,446,598,968
103.0,2018,1,2,527,1042,1185
103.0,2018,1,3,209,654,1350
103.0,2018,2,2,40,82,1065
103.0,2018,2,3,20,51,995
103.0,2018,3,1,10,10,752
103.0,2018,3,2,15,31,892
103.0,2018,3,3,20,41,1106
103.0,2018,4,2,20,36,1133
103.0,2018,4,3,13,36,1637
104.0,2018,1,0,10,15,883
104.0,2018,1,1,368,480,1144
104.0,2018,1,2,477,899,1251
104.0,2018,1,3,90,199,1485
104.0,2018,2,1,10,10,1122
104.0,2018,2,3,15,41,1801
104.0,2018,3,2,10,10,1169
104.0,2018,3,3,10,15,1411
104.0,2018,4,1,10,15,902
104.0,2018,4,2,9,10,1245
104.0,2018,4,3,9,20,1033
110.0,2018,1,1,10,15,1130
110.0,2018,1,3,10,26,1506
110.0,2018,2,2,10,10,2080
110.0,2018,4,3,50,153,2829
120.01,2018,4,3,18,72,2273
120.02,2018,1,0,10,10,733
120.02,2018,2,3,80,220,1478
120.02,2018,3,3,10,20,1399
120.02,2018,4,3,10,31,1256
120.03,2018,1,1,30,72,968
120.03,2018,1,2,185,414,1063
120.03,2018,2,2,30,82,1324
120.03,2018,2,3,250,931,1485
120.03,2018,4,3,25,92,1651
121.01,2018,1,1,10,10,1044
121.01,2018,1,2,80,123,985
121.01,2018,1,3,20,56,1843
121.01,2018,2,2,10,23,1384
121.01,2018,2,3,215,711,1466
121.01,2018,3,2,10,15,1154
121.01,2018,3,3,20,10,1361
121.01,2018,4,1,10,10,968
121.01,2018,4,2,9,10,2118
121.01,2018,4,3,40,107,1623
121.02,2018,1,1,85,118,942
121.02,2018,1,2,229,481,1106
121.02,2018,1,3,174,547,1209
121.02,2018,2,2,15,41,1781
121.02,2018,2,3,30,123,1436
121.02,2018,3,3,10,10,1868
121.02,2018,4,2,10,26,1492
121.02,2018,4,3,10,31,1392
122.01,2018,1,0,10,10,868
122.01,2018,1,1,39,113,1035
122.01,2018,1,2,281,706,1266
122.01,2018,1,3,125,578,1367
122.01,2018,2,1,15,36,527
122.01,2018,2,2,74,230,1155
122.01,2018,2,3,200,829,1424
122.02,2018,1,1,70,77,882
122.02,2018,1,2,105,210,1071
122.02,2018,1,3,15,56,1453
122.02,2018,2,2,20,56,1280
122.02,2018,2,3,490,1739,1471
122.02,2018,4,2,10,26,1465
122.02,2018,4,3,53,179,1514
122.03,2018,1,0,3,10,794
122.03,2018,1,1,303,322,1084
122.03,2018,1,2,211,435,1189
122.03,2018,1,3,67,189,1594
122.03,2018,2,2,40,67,1534
122.03,2018,2,3,170,578,1308
122.03,2018,3,3,10,31,1263
122.03,2018,4,3,20,51,1475
123.01,2018,1,0,15,20,837
123.01,2018,1,1,365,552,1007
123.01,2018,1,2,382,896,1380
123.01,2018,1,3,10,10,1537
123.01,2018,2,2,15,51,1628
123.01,2018,2,3,395,1641,1449
123.01,2018,3,3,20,76,1410
123.01,2018,4,2,20,30,1308
123.01,2018,4,3,30,86,1639
123.02,2018,1,1,25,30,829
123.02,2018,1,2,50,111,1186
123.02,2018,2,2,50,101,1067
123.02,2018,2,3,290,983,1546
123.02,2018,3,3,55,182,1611
123.02,2018,4,1,10,15,1041
123.02,2018,4,2,15,61,1425
123.02,2018,4,3,114,370,1821
124.01,2018,1,1,45,46,1069
124.01,2018,1,2,115,159,1393
124.01,2018,1,3,35,82,1516
124.01,2018,2,2,10,10,1164
124.01,2018,2,3,100,318,1322
124.01,2018,4,2,10,20,1318
124.01,2018,4,3,10,41,1498
124.02,2018,1,1,54,77,1031
124.02,2018,1,2,130,200,1412
124.02,2018,1,3,10,20,1226
124.02,2018,2,2,10,36,1137
124.02,2018,2,3,55,205,1518
124.02,2018,3,3,25,41,1416
124.03,2018,1,1,120,128,2010
124.03,2018,1,2,85,154,1645
124.03,2018,1,3,10,26,1090
124.03,2018,4,3,25,87,1490
124.04,2018,2,2,15,36,882
124.04,2018,2,3,110,277,1470
124.04,2018,3,2,10,10,1064
124.04,2018,4,1,10,10,894
124.04,2018,4,3,15,61,1562
125.01,2018,1,1,35,35,1036
125.01,2018,1,2,205,415,1150
125.01,2018,1,3,40,127,1336
125.01,2018,2,3,65,238,1449
125.01,2018,3,3,10,10,959
125.01,2018,4,3,30,76,1490
125.02,2018,1,1,7,15,1152
125.02,2018,1,2,55,127,1270
125.02,2018,1,3,9,35,1676
125.02,2018,2,1,20,41,948
125.02,2018,2,2,65,147,989
125.02,2018,2,3,224,760,1355
125.02,2018,3,3,10,10,1342
125.02,2018,4,3,10,46,1223
125.03,2018,2,3,10,10,1449
125.03,2018,3,2,10,10,1137
125.03,2018,4,2,10,15,1162
125.03,2018,4,3,30,76,1472
125.04,2018,4,1,10,15,1714
125.04,2018,4,2,10,26,1441
125.04,2018,4,3,35,138,1600
125.05,2018,1,1,29,31,914
125.05,2018,1,2,15,46,1530
125.05,2018,2,2,10,10,917
125.05,2018,2,3,30,56,1302
125.05,2018,3,2,10,10,1114
125.05,2018,3,3,20,46,880
125.05,2018,4,1,15,20,2282
125.05,2018,4,2,10,10,1363
125.05,2018,4,3,20,77,1606
125.06,2018,1,1,15,26,767
125.06,2018,1,2,96,123,1379
125.06,2018,1,3,30,97,1602
125.06,2018,2,2,52,92,1517
125.06,2018,2,3,95,297,1866
125.06,2018,3,3,10,46,1338
125.06,2018,4,2,20,61,1421
125.06,2018,4,3,25,102,2051
125.07,2018,1,1,30,72,766
125.07,2018,1,2,120,282,1263
125.07,2018,1,3,70,215,970
125.07,2018,2,3,190,579,1717
125.07,2018,3,3,20,36,1669
125.07,2018,4,3,10,15,1505
125.08,2018,1,2,15,26,1115
125.08,2018,1,3,20,61,682
125.08,2018,2,2,25,41,783
125.08,2018,2,3,95,323,1372
125.08,2018,3,2,10,10,1091
125.08,2018,4,2,10,10,1444
125.08,2018,4,3,35,138,1495
125.09,2018,1,1,9,10,1174
125.09,2018,1,2,25,36,1413
125.09,2018,1,3,10,20,1708
125.09,2018,2,2,20,61,1562
125.09,2018,2,3,250,825,1485
125.09,2018,4,2,10,15,1582
125.09,2018,4,3,10,10,1793
126.03,2018,1,1,10,11,1274
126.03,2018,1,2,55,123,1523
126.03,2018,2,3,60,219,1893
126.03,2018,3,3,40,107,2033
126.03,2018,4,2,10,27,1645
126.03,2018,4,3,65,219,2362
126.04,2018,1,2,9,10,2513
126.04,2018,1,3,10,10,2914
126.04,2018,2,3,35,77,1827
126.04,2018,3,1,10,10,897
126.04,2018,3,3,10,10,1351
126.04,2018,4,0,10,3,1319
126.04,2018,4,1,10,15,1065
126.04,2018,4,2,39,87,1266
126.04,2018,4,3,103,343,1913
126.04,2018,5,1,10,10,530
126.04,2018,5,2,35,61,592
126.04,2018,5,3,15,36,755
126.05,2018,1,2,10,37,1496
126.05,2018,2,2,10,11,1416
126.05,2018,2,3,45,154,1642
126.05,2018,3,2,10,11,1829
126.05,2018,3,3,15,37,1509
126.05,2018,4,2,10,20,1611
126.05,2018,4,3,25,69,2252
126.06,2018,1,2,14,27,1413
126.06,2018,2,2,10,27,1476
126.06,2018,2,3,104,378,1839
126.06,2018,3,2,10,11,995
126.06,2018,4,2,10,32,1709
126.06,2018,4,3,10,37,2295
127.0,2018,1,1,50,71,843
127.0,2018,1,2,115,279,978
127.0,2018,2,2,10,22,1240
127.0,2018,2,3,370,856,1290
127.0,2018,3,2,10,20,1546
127.0,2018,3,3,55,203,1549
127.0,2018,4,2,55,96,1461
127.0,2018,4,3,25,91,1994
130.01,2018,1,1,44,56,3580
130.01,2018,1,2,45,76,1597
130.01,2018,2,2,19,41,1645
130.01,2018,2,3,10,20,1535
130.01,2018,3,1,10,10,1169
130.01,2018,4,2,10,10,1699
130.01,2018,4,3,70,197,1703
130.02,2018,1,1,35,46,1160
130.02,2018,1,2,115,192,1335
130.02,2018,1,3,10,41,1032
130.02,2018,2,2,10,35,1609
130.02,2018,2,3,375,1215,1453
130.02,2018,3,2,10,15,1265
130.02,2018,3,3,25,86,1241
131.01,2018,1,0,10,15,751
131.01,2018,1,1,355,410,865
131.01,2018,1,2,245,446,1143
131.01,2018,1,3,29,86,977
131.01,2018,2,2,20,20,905
131.01,2018,2,3,265,982,1497
131.01,2018,3,3,40,182,1394
131.01,2018,4,3,49,177,1452
131.02,2018,1,0,10,10,787
131.02,2018,1,1,249,339,969
131.02,2018,1,2,255,628,1158
131.02,2018,1,3,25,106,917
131.02,2018,2,2,140,329,1356
131.02,2018,2,3,90,273,1493
131.02,2018,3,2,10,17,1243
131.02,2018,3,3,40,147,1509
131.02,2018,4,2,15,35,1577
131.02,2018,4,3,60,157,1477
132.0,2018,1,0,15,20,881
132.0,2018,1,1,235,359,1091
132.0,2018,1,2,710,1620,1213
132.0,2018,1,3,125,440,1402
132.0,2018,2,2,40,116,1304
132.0,2018,2,3,95,410,1577
132.0,2018,3,3,10,51,1158
132.0,2018,4,3,57,192,1496
133.0,2018,1,0,10,10,945
133.0,2018,1,1,145,213,1127
133.0,2018,1,2,170,385,1348
133.0,2018,1,3,10,35,1525
133.0,2018,2,1,10,15,1157
133.0,2018,2,2,20,66,1660
133.0,2018,2,3,145,461,1683
133.0,2018,3,3,10,25,1509
133.0,2018,4,2,15,25,1110
133.0,2018,4,3,147,461,1591
134.0,2018,1,2,9,10,1136
134.0,2018,1,3,10,20,1633
134.0,2018,2,2,10,41,1673
134.0,2018,2,3,125,344,1557
134.0,2018,3,3,25,71,1213
134.0,2018,4,2,20,30,1104
134.0,2018,4,3,100,309,1456
135.01,2018,1,0,10,11,827
135.01,2018,1,1,70,65,899
135.01,2018,1,2,190,226,1259
135.01,2018,2,2,30,65,1260
135.01,2018,2,3,635,2012,1486
135.01,2018,3,2,15,20,1008
135.01,2018,3,3,30,90,1169
135.01,2018,4,2,10,10,1410
135.01,2018,4,3,35,156,1409
135.02,2018,1,1,80,100,1075
135.02,2018,1,2,105,216,1228
135.02,2018,1,3,35,85,1136
135.02,2018,2,2,15,40,1633
135.02,2018,2,3,90,211,1353
135.02,2018,4,3,30,70,1554
135.03,2018,2,1,10,10,862
135.03,2018,2,2,55,110,1169
135.03,2018,2,3,70,231,1201
135.03,2018,3,2,10,17,1094
135.03,2018,4,3,50,191,1347
136.01,2018,1,1,20,30,877
136.01,2018,1,2,29,40,906
136.01,2018,2,3,120,351,1396
136.01,2018,3,3,10,10,1314
136.01,2018,4,1,10,15,765
136.01,2018,4,3,60,166,1314
136.02,2018,1,1,45,50,1194
136.02,2018,1,2,60,95,877
136.02,2018,1,3,15,65,1026
136.02,2018,2,1,15,15,1061
136.02,2018,2,2,95,196,1399
136.02,2018,2,3,190,557,1364
136.02,2018,3,2,10,20,1434
136.02,2018,3,3,25,70,1383
136.02,2018,5,3,10,15,811
137.02,2018,1,1,55,85,1146
137.02,2018,1,2,145,256,1394
137.02,2018,2,2,24,45,1184
137.02,2018,2,3,60,171,1431
137.02,2018,4,3,25,55,1347
137.03,2018,4,3,9,15,1736
137.04,2018,1,1,50,55,1100
137.04,2018,1,2,25,45,1174
137.04,2018,2,2,45,105,1472
137.04,2018,2,3,85,226,1407
137.04,2018,3,3,10,15,1058
137.05,2018,1,1,30,25,958
137.05,2018,1,2,153,306,1420
137.05,2018,2,1,20,25,841
137.05,2018,2,2,105,241,1169
137.05,2018,2,3,259,798,1377
138.0,2018,1,0,20,25,854
138.0,2018,1,1,630,1118,1113
138.0,2018,1,2,730,1826,1201
138.0,2018,1,3,15,46,1356
138.0,2018,2,1,10,15,1035
138.0,2018,2,2,295,900,1411
138.0,2018,2,3,650,2670,1542
138.0,2018,4,3,10,20,1584
138.0,2018,5,1,10,7,612
139.0,2018,1,1,10,10,1284
139.0,2018,1,2,95,152,1492
139.0,2018,2,3,45,147,1425
139.0,2018,3,3,10,10,2050
139.0,2018,4,2,9,30,1282
139.0,2018,4,3,69,248,1580
140.03,2018,1,1,10,10,1108
140.03,2018,1,2,15,26,1378
140.03,2018,2,3,55,202,1012
140.03,2018,4,3,10,57,1517
140.04,2018,2,3,30,73,1396
140.04,2018,4,3,29,83,1530
140.05,2018,2,3,70,202,1399
140.05,2018,3,3,20,47,1289
140.05,2018,4,3,19,57,1589
140.06,2018,4,3,28,62,1429
140.07,2018,1,2,30,36,1150
140.07,2018,2,2,20,52,1286
140.07,2018,2,3,100,301,1368
140.07,2018,3,3,10,73,1303
141.04,2018,2,3,45,109,1355
141.05,2018,1,1,8,10,1371
141.05,2018,1,2,34,26,1597
141.05,2018,1,3,23,16,1880
141.05,2018,2,1,25,41,1005
141.05,2018,2,2,75,150,1340
141.05,2018,2,3,290,996,1509
141.05,2018,3,3,55,197,1662
141.05,2018,4,3,34,135,1934
141.08,2018,2,3,65,258,1545
141.08,2018,3,1,10,10,1122
141.08,2018,4,2,10,25,986
141.08,2018,4,3,40,127,1790
141.09,2018,1,1,10,16,1315
141.09,2018,1,2,160,311,1386
141.09,2018,1,3,20,36,1353
141.09,2018,2,2,125,249,1580
141.09,2018,2,3,215,695,1718
141.09,2018,3,3,10,26,2059
141.09,2018,4,3,35,140,1995
141.1,2018,2,3,80,296,1615
141.1,2018,3,3,10,52,1776
141.1,2018,4,1,10,10,1053
141.1,2018,4,3,20,119,1851
141.11,2018,1,1,1,10,1318
141.11,2018,1,2,157,311,1525
141.11,2018,2,2,15,36,1496
141.11,2018,2,3,185,695,1636
141.11,2018,3,2,10,17,1508
141.11,2018,3,3,20,88,1739
141.11,2018,4,3,9,52,1982
141.12,2018,1,1,15,16,1227
141.12,2018,1,2,181,405,1438
141.12,2018,2,1,10,16,1151
141.12,2018,2,2,145,316,1486
141.12,2018,2,3,275,949,1844
141.12,2018,3,3,25,62,1815
141.12,2018,4,3,80,290,2082
141.13,2018,2,3,99,347,1711
141.13,2018,4,3,53,171,1971
141.14,2018,2,3,10,20,1686
141.14,2018,4,2,30,61,1402
141.14,2018,4,3,80,214,2154
141.15,2018,1,1,20,10,1278
141.15,2018,1,2,81,161,1423
141.15,2018,1,3,23,21,2140
141.15,2018,2,2,125,280,1523
141.15,2018,2,3,365,1100,1792
141.15,2018,4,2,9,16,1824
141.15,2018,4,3,74,249,2360
151.03,2018,1,1,55,71,654
151.03,2018,1,2,50,71,1043
151.03,2018,1,3,25,76,1110
151.03,2018,2,3,10,15,983
151.03,2018,3,1,10,10,715
151.03,2018,3,3,10,10,922
151.03,2018,4,2,15,20,1246
151.03,2018,4,3,40,101,1782
151.04,2018,1,1,35,36,1092
151.04,2018,1,2,10,21,1236
151.04,2018,2,3,15,41,1132
151.04,2018,3,3,10,16,871
151.04,2018,4,1,10,10,1036
151.04,2018,4,3,45,197,1832
151.05,2018,2,2,10,10,1240
151.05,2018,2,3,15,52,1241
151.05,2018,4,3,15,26,1669
151.06,2018,1,1,55,57,891
151.06,2018,1,2,20,41,1493
151.06,2018,2,1,10,21,837
151.06,2018,2,3,10,10,1415
151.06,2018,4,3,29,88,2208
151.07,2018,1,1,10,10,1162
151.07,2018,1,2,55,98,1289
151.07,2018,2,3,30,67,1684
151.07,2018,3,3,10,36,1347
151.07,2018,4,1,10,10,1222
151.07,2018,4,3,102,378,2168
151.08,2018,1,2,48,109,1449
151.08,2018,1,3,2,6,1757
151.08,2018,2,3,80,264,1783
151.08,2018,4,2,15,26,1275
151.08,2018,4,3,30,93,2112
151.09,2018,4,2,25,71,1367
151.09,2018,4,3,75,197,1739
160.02,2018,1,1,95,109,918
160.02,2018,1,2,155,305,1253
160.02,2018,1,3,6,18,1395
160.02,2018,2,2,80,150,1492
160.02,2018,2,3,220,730,1564
160.02,2018,4,3,24,52,1576
160.03,2018,1,2,50,88,1390
160.03,2018,1,3,1,4,1727
160.03,2018,2,2,10,21,1409
160.03,2018,2,3,179,492,1730
160.03,2018,3,2,10,10,981
160.03,2018,3,3,10,16,728
160.03,2018,4,0,10,3,1579
160.03,2018,4,3,49,166,2258
160.04,2018,1,1,19,21,892
160.04,2018,1,2,30,52,1024
160.04,2018,1,3,10,21,1236
160.04,2018,2,2,65,135,1297
160.04,2018,2,3,275,797,1441
160.04,2018,3,3,10,10,891
160.04,2018,4,3,20,72,1485
160.05,2018,1,1,45,52,1020
160.05,2018,1,2,135,223,1170
160.05,2018,1,3,10,47,1547
160.05,2018,2,3,20,47,1356
160.05,2018,4,2,10,31,945
160.05,2018,4,3,9,31,1523
160.06,2018,1,1,329,450,1834
160.06,2018,1,2,480,833,2049
160.06,2018,1,3,25,47,1282
160.06,2018,2,2,19,57,1366
160.06,2018,2,3,185,538,1482
160.06,2018,4,3,10,21,1692
160.06,2018,5,2,10,10,1065
160.07,2018,1,2,15,16,1178
160.07,2018,2,2,25,47,1160
160.07,2018,2,3,74,181,1492
160.07,2018,4,3,20,41,1820
160.09,2018,1,2,10,20,1610
160.09,2018,4,3,49,129,2085
160.1,2018,1,2,15,36,1554
160.1,2018,2,2,10,36,1395
160.1,2018,2,3,244,745,1721
160.1,2018,4,3,45,171,1880
160.11,2018,1,1,25,36,1160
160.11,2018,1,2,40,78,986
160.11,2018,2,2,10,31,1403
160.11,2018,2,3,174,538,1668
160.11,2018,4,3,25,114,2113
161.03,2018,1,2,10,20,1049
161.03,2018,2,1,10,10,1026
161.03,2018,2,2,40,93,863
161.03,2018,2,3,145,518,1530
161.03,2018,4,1,10,10,903
161.03,2018,4,2,20,26,1192
161.03,2018,4,3,20,88,1602
161.04,2018,1,2,10,21,1634
161.04,2018,2,3,84,238,1139
161.04,2018,4,2,10,10,1383
161.04,2018,4,3,14,83,1887
161.05,2018,2,2,10,10,1437
161.05,2018,2,3,114,352,1787
161.05,2018,3,3,10,10,1124
161.05,2018,4,3,38,124,1745
161.06,2018,1,1,10,13,1153
161.06,2018,1,2,45,72,1347
161.06,2018,2,2,70,129,1436
161.06,2018,2,3,175,559,1717
161.06,2018,4,2,8,26,1173
161.06,2018,4,3,29,83,2060
162.01,2018,1,2,10,10,1183
162.01,2018,2,2,10,16,1531
162.01,2018,2,3,189,580,1871
162.01,2018,3,3,60,171,1581
162.01,2018,4,3,45,129,1392
162.02,2018,2,2,35,67,957
162.02,2018,2,3,89,300,1458
162.02,2018,3,2,10,16,1360
162.02,2018,3,3,60,228,1237
162.02,2018,4,3,35,104,1389
170.01,2018,1,1,10,10,1376
170.01,2018,1,2,47,41,1549
170.01,2018,1,3,31,26,1912
170.01,2018,2,2,34,92,1567
170.01,2018,2,3,85,251,1391
170.01,2018,3,3,10,31,1102
170.01,2018,4,3,28,67,1406
170.03,2018,2,1,10,10,995
170.03,2018,2,3,15,31,1556
170.03,2018,3,3,10,26,1431
170.03,2018,4,2,10,26,1522
170.03,2018,4,3,45,128,1467
170.04,2018,1,1,15,10,957
170.04,2018,1,2,10,20,1190
170.04,2018,2,3,20,51,1405
170.04,2018,4,2,20,26,1303
170.04,2018,4,3,55,149,1462
170.05,2018,2,3,60,225,1477
170.05,2018,4,3,29,102,1590
170.08,2018,2,3,10,10,1334
170.09,2018,2,1,20,41,1257
170.09,2018,2,2,15,26,1274
170.09,2018,2,3,85,236,1461
170.09,2018,4,1,10,10,953
170.09,2018,4,3,35,138,1686
170.1,2018,1,1,100,123,1036
170.1,2018,1,2,120,215,1263
170.1,2018,2,1,10,10,1038
170.1,2018,2,3,30,108,1461
170.1,2018,4,3,30,67,1694
170.11,2018,2,2,20,51,1351
170.11,2018,2,3,40,67,1117
170.11,2018,4,2,9,19,1368
170.11,2018,4,3,10,46,1839
170.12,2018,2,2,10,15,1676
170.12,2018,2,3,94,323,1669
170.13,2018,2,3,95,292,1572
170.13,2018,4,3,14,61,2037
171.03,2018,1,1,20,36,1024
171.03,2018,1,2,20,30,1517
171.03,2018,3,1,25,30,844
171.03,2018,3,3,20,66,1120
171.03,2018,4,1,20,36,1012
171.03,2018,4,2,54,96,1285
171.03,2018,4,3,104,299,1737
171.05,2018,1,1,10,15,1418
171.05,2018,1,2,20,46,1507
171.05,2018,2,2,10,15,1686
171.05,2018,2,3,90,259,1892
171.05,2018,3,2,10,10,1645
171.05,2018,3,3,10,15,1963
171.05,2018,4,2,44,56,1329
171.05,2018,4,3,9,25,2364
171.06,2018,1,1,39,51,531
171.06,2018,1,2,30,46,1002
171.06,2018,1,3,15,41,981
171.06,2018,2,2,10,10,809
171.06,2018,2,3,10,20,1857
171.06,2018,3,2,15,15,776
171.06,2018,4,1,10,20,1517
171.06,2018,4,2,65,123,1247
171.06,2018,4,3,79,195,1858
171.07,2018,2,2,10,31,1480
171.07,2018,2,3,69,241,1682
171.07,2018,4,3,25,87,2035
171.09,2018,1,1,19,26,1109
171.09,2018,1,2,127,272,1565
171.09,2018,2,2,20,31,1398
171.09,2018,2,3,198,641,1866
171.09,2018,4,3,20,92,2340
171.1,2018,1,1,15,26,1248
171.1,2018,1,2,145,287,1364
171.1,2018,2,2,50,118,1675
171.1,2018,2,3,165,507,1808
171.1,2018,4,3,30,97,2391
180.01,2018,1,0,1,1,753
180.01,2018,1,1,136,152,746
180.01,2018,1,2,301,462,1130
180.01,2018,1,3,49,122,1078
180.01,2018,2,2,50,96,1006
180.01,2018,2,3,25,81,1168
180.01,2018,3,2,25,66,979
180.01,2018,3,3,65,243,1607
180.01,2018,4,2,30,61,1350
180.01,2018,4,3,105,370,1788
180.02,2018,1,1,100,117,896
180.02,2018,1,2,225,360,1184
180.02,2018,1,3,25,91,1444
180.02,2018,2,1,10,18,959
180.02,2018,2,2,29,61,1202
180.02,2018,2,3,36,91,1567
180.02,2018,3,2,15,25,955
180.02,2018,4,2,10,20,1075
180.02,2018,4,3,95,274,1565
181.01,2018,1,1,40,46,692
181.01,2018,1,2,10,10,1326
181.01,2018,1,3,10,20,1709
181.01,2018,3,2,10,15,1545
181.01,2018,4,1,15,20,919
181.01,2018,4,2,10,10,1330
181.01,2018,4,3,80,238,1802
181.02,2018,1,1,45,46,801
181.02,2018,1,2,70,117,974
181.02,2018,1,3,30,101,1009
181.02,2018,2,1,10,17,1047
181.02,2018,3,2,25,51,916
181.02,2018,3,3,15,30,1150
181.02,2018,4,1,10,10,936
181.02,2018,4,2,20,36,1248
181.02,2018,4,3,60,188,1706
182.0,2018,1,2,15,36,1255
182.0,2018,1,3,10,25,1601
182.0,2018,3,3,10,20,1551
182.0,2018,4,1,10,10,910
182.0,2018,4,2,35,56,1285
182.0,2018,4,3,65,193,1650
183.0,2018,1,1,50,66,944
183.0,2018,1,2,84,142,1273
183.0,2018,1,3,26,15,1445
183.0,2018,3,2,15,20,1104
183.0,2018,3,3,10,41,1651
183.0,2018,4,2,20,36,1611
183.0,2018,4,3,40,132,1870
184.0,2018,1,1,90,112,842
184.0,2018,1,2,235,417,1099
184.0,2018,1,3,15,51,941
184.0,2018,2,1,10,17,858
184.0,2018,2,2,20,46,1149
184.0,2018,2,3,20,71,1416
184.0,2018,3,1,10,10,850
184.0,2018,3,2,40,87,1082
184.0,2018,3,3,10,10,782
184.0,2018,4,1,10,10,882
184.0,2018,4,2,10,25,1182
184.0,2018,4,3,65,229,1803
190.01,2018,1,1,45,51,878
190.01,2018,1,2,15,20,978
190.01,2018,2,2,15,31,1441
190.01,2018,3,3,20,31,802
190.01,2018,4,1,10,10,1289
190.01,2018,4,2,15,41,1291
190.01,2018,4,3,120,387,1727
190.02,2018,1,2,10,10,1491
190.02,2018,1,3,10,28,1667
190.02,2018,2,1,10,10,1144
190.02,2018,3,1,15,15,987
190.02,2018,3,3,20,46,1501
190.02,2018,4,2,20,51,1284
190.02,2018,4,3,34,132,2105
190.02,2018,5,2,10,10,865
191.01,2018,3,2,10,10,1324
191.01,2018,4,2,30,46,1311
191.01,2018,4,3,29,102,2376
191.02,2018,1,1,35,36,749
191.02,2018,1,2,15,41,1191
191.02,2018,2,2,10,20,1141
191.02,2018,4,1,15,20,802
191.02,2018,4,2,20,56,1388
191.02,2018,4,3,45,153,1700
191.02,2018,5,1,10,10,721
200.01,2018,1,3,8,10,1558
200.01,2018,4,1,10,10,1145
200.01,2018,4,2,10,25,1522
200.01,2018,4,3,35,86,1832
200.02,2018,1,1,31,25,942
200.02,2018,1,2,0,0,1168
200.02,2018,4,2,45,96,1428
200.02,2018,4,3,99,284,1719
201.0,2018,1,1,30,25,839
201.0,2018,1,2,10,15,942
201.0,2018,2,1,10,10,911
201.0,2018,2,2,15,20,1188
201.0,2018,2,3,15,20,1180
201.0,2018,3,1,15,20,1112
201.0,2018,4,1,10,10,1017
201.0,2018,4,3,42,111,1826
300.0,2018,1,1,25,25,857
300.0,2018,1,2,15,15,1356
300.0,2018,2,1,10,25,1140
300.0,2018,2,2,50,96,1638
300.0,2018,2,3,110,279,1746
300.0,2018,3,3,10,20,1504
300.0,2018,4,1,10,15,925
300.0,2018,4,2,45,76,1147
300.0,2018,4,3,100,273,2015
301.0,2018,1,2,15,30,1216
301.0,2018,4,2,20,41,1174
301.0,2018,4,3,80,192,1597
302.0,2018,1,2,10,10,1322
302.0,2018,2,2,10,15,1473
302.0,2018,4,1,19,20,948
302.0,2018,4,2,47,101,1266
302.0,2018,4,3,104,294,1766
400.0,2018,1,1,115,163,892
400.0,2018,1,2,170,265,1180
400.0,2018,1,3,30,82,1277
400.0,2018,2,2,15,15,1141
400.0,2018,2,3,55,184,1441
400.0,2018,3,1,15,15,792
400.0,2018,3,2,25,36,1017
400.0,2018,3,3,50,133,1340
400.0,2018,4,1,13,20,1077
400.0,2018,4,2,95,184,1321
400.0,2018,4,3,209,617,1691
400.0,2018,5,2,10,15,979
